0.000000000000000000e+00
2.627333333333333187e-01
8.357666666666666577e-01
8.611333333333333062e-01
8.718000000000000194e-01
8.791999999999999815e-01
8.839166666666666838e-01
8.873166666666666424e-01
8.901666666666666616e-01
8.925833333333332842e-01
8.944833333333332970e-01
8.962833333333333208e-01
8.977333333333333831e-01
8.989500000000000268e-01
8.999333333333333629e-01
9.006499999999999506e-01
9.015333333333332977e-01
9.025333333333332986e-01
9.034499999999999753e-01
9.044333333333333114e-01
9.048333333333333783e-01
9.052999999999999936e-01
9.055499999999999661e-01
9.058666666666667089e-01
9.065166666666666373e-01
9.069666666666666988e-01
9.074499999999999789e-01
9.078166666666667162e-01
9.079833333333333645e-01
9.083499999999999908e-01
9.086999999999999522e-01
9.089500000000000357e-01
9.095166666666666400e-01
9.098666666666667124e-01
9.101166666666666849e-01
9.100500000000000256e-01
9.100833333333333552e-01
9.105166666666666409e-01
9.105666666666666353e-01
9.106999999999999540e-01
9.108166666666667188e-01
9.111500000000000155e-01
9.112500000000000044e-01
9.113333333333333286e-01
9.115333333333333066e-01
9.118500000000000494e-01
9.120333333333333625e-01
9.120833333333333570e-01
9.122999999999999998e-01
9.124833333333333130e-01
9.127166666666666206e-01
9.129500000000000393e-01
9.132666666666666710e-01
9.134999999999999787e-01
9.135499999999999732e-01
9.137333333333332863e-01
9.138500000000000512e-01
9.140833333333333588e-01
9.140333333333333643e-01
9.141333333333333533e-01
9.144333333333333202e-01
9.144499999999999851e-01
9.145499999999999741e-01
9.146499999999999631e-01
9.147499999999999520e-01
9.146666666666666279e-01
