0.000000000000000000e+00
6.166166666666667018e-01
8.960166666666666835e-01
9.053333333333333233e-01
9.091500000000000137e-01
9.110500000000000265e-01
9.129833333333333689e-01
9.145666666666666389e-01
9.149333333333333762e-01
9.157499999999999529e-01
9.160833333333333606e-01
9.166333333333333000e-01
9.172666666666666746e-01
9.176999999999999602e-01
9.177333333333332899e-01
9.173666666666666636e-01
9.176166666666666361e-01
9.177333333333332899e-01
9.175666666666666416e-01
9.173000000000000043e-01
9.172833333333333394e-01
9.170166666666667021e-01
9.166666666666666297e-01
9.167333333333332890e-01
9.165999999999999703e-01
9.160000000000000364e-01
9.151166666666666893e-01
9.142500000000000071e-01
9.136666666666666270e-01
9.132500000000000062e-01
9.128166666666667206e-01
9.123666666666666591e-01
9.115499999999999714e-01
9.107666666666666133e-01
9.102833333333333332e-01
9.091500000000000137e-01
9.086166666666666281e-01
9.077166666666666162e-01
9.068833333333333746e-01
9.061166666666666814e-01
9.052000000000000046e-01
9.040333333333333554e-01
9.026333333333332876e-01
9.013499999999999845e-01
9.001166666666666760e-01
8.988166666666667082e-01
8.980000000000000204e-01
8.969000000000000306e-01
8.962333333333333263e-01
8.951666666666666661e-01
8.939166666666666927e-01
8.929666666666666863e-01
8.917833333333333723e-01
8.909333333333333549e-01
8.898500000000000298e-01
8.891333333333333311e-01
8.884666666666666268e-01
8.876166666666667204e-01
8.867833333333333679e-01
8.864999999999999547e-01
8.856000000000000538e-01
8.844166666666666288e-01
8.836333333333333817e-01
8.831666666666666554e-01
8.828666666666666885e-01
8.822333333333333139e-01
